{"center": {"lat": 50.07981, "lng": 14.42974}, "zoom": 14, "size": 5, "size_pixels": 640, "travel_mode": "TRANSIT", "locations": [{"raw_location": {"lat": 50.097357029251455, "lng": 14.40239625}, "snapped_location": {"lat": 50.097357029251455, "lng": 14.40239625}, "grid_x": 0, "grid_y": 0, "snap_result_types": null, "snap_result_place_id": null}, {"raw_location": {"lat": 50.097357029251455, "lng": 14.416068125}, "snapped_location": {"lat": 50.097357029251455, "lng": 14.416068125}, "grid_x": 1, "grid_y": 0, "snap_result_types": null, "snap_result_place_id": null}, {"raw_location": {"lat": 50.097357029251455, "lng": 14.42974}, "snapped_location": {"lat": 50.097519, "lng": 14.4294503}, "grid_x": 2, "grid_y": 0, "snap_result_types": ["route"], "snap_result_place_id": "ChIJIxZ4jcaUC0cRyFMokvrwgE8"}, {"raw_location": {"lat": 50.097357029251455, "lng": 14.443411875}, "snapped_location": {"lat": 50.0982678, "lng": 14.443882}, "grid_x": 3, "grid_y": 0, "snap_result_types": ["route"], "snap_result_place_id": "ChIJs2luG7qUC0cRdP_viaV5VYs"}, {"raw_location": {"lat": 50.097357029251455, "lng": 14.45708375}, "snapped_location": {"lat": 50.09645949999999, "lng": 14.458155}, "grid_x": 4, "grid_y": 0, "snap_result_types": ["route"], "snap_result_place_id": "ChIJczfTI6aUC0cRRheaAGMWMFg"}, {"raw_location": {"lat": 50.088583514625725, "lng": 14.40239625}, "snapped_location": {"lat": 50.0885826, "lng": 14.4024044}, "grid_x": 0, "grid_y": 1, "snap_result_types": ["route"], "snap_result_place_id": "ChIJDwsF-OGUC0cRlENkNfmOBvU"}, {"raw_location": {"lat": 50.088583514625725, "lng": 14.416068125}, "snapped_location": {"lat": 50.0885668, "lng": 14.4160997}, "grid_x": 1, "grid_y": 1, "snap_result_types": ["route"], "snap_result_place_id": "ChIJJ3jkJuaUC0cR1qGON8cW8E4"}, {"raw_location": {"lat": 50.088583514625725, "lng": 14.42974}, "snapped_location": {"lat": 50.08863119999999, "lng": 14.4295868}, "grid_x": 2, "grid_y": 1, "snap_result_types": ["route"], "snap_result_place_id": "ChIJE4mPxuqUC0cRcK_VZMd8P6M"}, {"raw_location": {"lat": 50.088583514625725, "lng": 14.443411875}, "snapped_location": {"lat": 50.0886398, "lng": 14.4431724}, "grid_x": 3, "grid_y": 1, "snap_result_types": ["route"], "snap_result_place_id": "ChIJJfpTYr2UC0cRsOZfCp-3h5c"}, {"raw_location": {"lat": 50.088583514625725, "lng": 14.45708375}, "snapped_location": {"lat": 50.0879367, "lng": 14.4570953}, "grid_x": 4, "grid_y": 1, "snap_result_types": ["route"], "snap_result_place_id": "ChIJl7ZBN6CUC0cReKAAbba1QIs"}, {"raw_location": {"lat": 50.07981, "lng": 14.40239625}, "snapped_location": {"lat": 50.0801872, "lng": 14.4027666}, "grid_x": 0, "grid_y": 2, "snap_result_types": ["route"], "snap_result_place_id": "ChIJ6-OBXfyUC0cRrFje1KU5vGo"}, {"raw_location": {"lat": 50.07981, "lng": 14.416068125}, "snapped_location": {"lat": 50.07994799999999, "lng": 14.4158659}, "grid_x": 1, "grid_y": 2, "snap_result_types": ["route"], "snap_result_place_id": "ChIJfxJYsfGUC0cROOHnBjMWudc"}, {"raw_location": {"lat": 50.07981, "lng": 14.42974}, "snapped_location": {"lat": 50.0799155, "lng": 14.4298249}, "grid_x": 2, "grid_y": 2, "snap_result_types": ["route"], "snap_result_place_id": "ChIJMW3KgZKUC0cRJC_xinunC34"}, {"raw_location": {"lat": 50.07981, "lng": 14.443411875}, "snapped_location": {"lat": 50.0798922, "lng": 14.4433877}, "grid_x": 3, "grid_y": 2, "snap_result_types": ["route"], "snap_result_place_id": "ChIJh3uc7pqUC0cRHtoXJYsZd9w"}, {"raw_location": {"lat": 50.07981, "lng": 14.45708375}, "snapped_location": {"lat": 50.0797064, "lng": 14.457614}, "grid_x": 4, "grid_y": 2, "snap_result_types": ["route"], "snap_result_place_id": "ChIJJyP7aWKTC0cRzDrhxXA8Vtg"}, {"raw_location": {"lat": 50.07103648537428, "lng": 14.40239625}, "snapped_location": {"lat": 50.0708513, "lng": 14.402945}, "grid_x": 0, "grid_y": 3, "snap_result_types": ["route"], "snap_result_place_id": "ChIJIXLuTVaUC0cR1HC1XCwvcFw"}, {"raw_location": {"lat": 50.07103648537428, "lng": 14.416068125}, "snapped_location": {"lat": 50.0712365, "lng": 14.416347}, "grid_x": 1, "grid_y": 3, "snap_result_types": ["route"], "snap_result_place_id": "ChIJM32GivWUC0cRgPRQ73j_RTI"}, {"raw_location": {"lat": 50.07103648537428, "lng": 14.42974}, "snapped_location": {"lat": 50.0712898, "lng": 14.429402}, "grid_x": 2, "grid_y": 3, "snap_result_types": ["route"], "snap_result_place_id": "ChIJOxNXiImUC0cRzBQsQrnkFtg"}, {"raw_location": {"lat": 50.07103648537428, "lng": 14.443411875}, "snapped_location": {"lat": 50.0708299, "lng": 14.4425797}, "grid_x": 3, "grid_y": 3, "snap_result_types": ["route"], "snap_result_place_id": "ChIJN-Bb2oaUC0cRaO27eiGL2Y4"}, {"raw_location": {"lat": 50.07103648537428, "lng": 14.45708375}, "snapped_location": {"lat": 50.0710586, "lng": 14.4571263}, "grid_x": 4, "grid_y": 3, "snap_result_types": ["route"], "snap_result_place_id": "ChIJE-dsp36TC0cRYAKIgwi8OaA"}, {"raw_location": {"lat": 50.06226297074855, "lng": 14.40239625}, "snapped_location": {"lat": 50.0618993, "lng": 14.4020679}, "grid_x": 0, "grid_y": 4, "snap_result_types": ["route"], "snap_result_place_id": "ChIJvx8E-U-UC0cRbD8EH7YEQ0o"}, {"raw_location": {"lat": 50.06226297074855, "lng": 14.416068125}, "snapped_location": {"lat": 50.0624845, "lng": 14.416959}, "grid_x": 1, "grid_y": 4, "snap_result_types": ["route"], "snap_result_place_id": "ChIJj366cF2UC0cRGm2DJjbSosM"}, {"raw_location": {"lat": 50.06226297074855, "lng": 14.42974}, "snapped_location": {"lat": 50.0622853, "lng": 14.4305583}, "grid_x": 2, "grid_y": 4, "snap_result_types": ["route"], "snap_result_place_id": "ChIJn2VoxGSUC0cR1qcIJyg_-wA"}, {"raw_location": {"lat": 50.06226297074855, "lng": 14.443411875}, "snapped_location": {"lat": 50.0619465, "lng": 14.4430502}, "grid_x": 3, "grid_y": 4, "snap_result_types": ["route"], "snap_result_place_id": "ChIJEbRL1niUC0cRtOrBc42NHzs"}, {"raw_location": {"lat": 50.06226297074855, "lng": 14.45708375}, "snapped_location": {"lat": 50.0627009, "lng": 14.4571498}, "grid_x": 4, "grid_y": 4, "snap_result_types": ["route"], "snap_result_place_id": "ChIJ7zoQr4OTC0cRVjBf9-omsGU"}], "route_matrix": [{"originIndex": 0, "destinationIndex": 10, "status": {}, "distanceMeters": 3686, "duration": "1109s", "condition": "ROUTE_EXISTS"}, {"originIndex": 0, "destinationIndex": 2, "status": {}, "distanceMeters": 2262, "duration": "713s", "condition": "ROUTE_EXISTS"}, {"originIndex": 0, "destinationIndex": 5, "status": {}, "distanceMeters": 2306, "duration": "647s", "condition": "ROUTE_EXISTS"}, {"originIndex": 0, "destinationIndex": 6, "status": {}, "distanceMeters": 2120, "duration": "530s", "condition": "ROUTE_EXISTS"}, {"originIndex": 0, "destinationIndex": 1, "status": {}, "distanceMeters": 1223, "duration": "703s", "condition": "ROUTE_EXISTS"}, {"originIndex": 1, "destinationIndex": 2, "status": {}, "distanceMeters": 1078, "duration": "838s", "condition": "ROUTE_EXISTS"}, {"originIndex": 1, "destinationIndex": 5, "status": {}, "distanceMeters": 2311, "duration": "942s", "condition": "ROUTE_EXISTS"}, {"originIndex": 1, "destinationIndex": 7, "status": {}, "distanceMeters": 2305, "duration": "972s", "condition": "ROUTE_EXISTS"}, {"originIndex": 1, "destinationIndex": 6, "status": {}, "distanceMeters": 1400, "duration": "819s", "condition": "ROUTE_EXISTS"}, {"originIndex": 1, "destinationIndex": 11, "status": {}, "distanceMeters": 2471, "duration": "1165s", "condition": "ROUTE_EXISTS"}, {"originIndex": 2, "destinationIndex": 7, "status": {}, "distanceMeters": 2097, "duration": "702s", "condition": "ROUTE_EXISTS"}, {"originIndex": 2, "destinationIndex": 3, "status": {}, "distanceMeters": 1431, "duration": "618s", "condition": "ROUTE_EXISTS"}, {"originIndex": 2, "destinationIndex": 6, "status": {}, "distanceMeters": 2331, "duration": "785s", "condition": "ROUTE_EXISTS"}, {"originIndex": 2, "destinationIndex": 8, "status": {}, "distanceMeters": 3337, "duration": "1331s", "condition": "ROUTE_EXISTS"}, {"originIndex": 3, "destinationIndex": 8, "status": {}, "distanceMeters": 2533, "duration": "1032s", "condition": "ROUTE_EXISTS"}, {"originIndex": 3, "destinationIndex": 7, "status": {}, "distanceMeters": 2430, "duration": "788s", "condition": "ROUTE_EXISTS"}, {"originIndex": 3, "destinationIndex": 4, "status": {}, "distanceMeters": 3197, "duration": "1342s", "condition": "ROUTE_EXISTS"}, {"originIndex": 3, "destinationIndex": 9, "status": {}, "distanceMeters": 3901, "duration": "1341s", "condition": "ROUTE_EXISTS"}, {"originIndex": 4, "destinationIndex": 8, "status": {}, "distanceMeters": 1993, "duration": "1085s", "condition": "ROUTE_EXISTS"}, {"originIndex": 4, "destinationIndex": 9, "status": {}, "distanceMeters": 3974, "duration": "1524s", "condition": "ROUTE_EXISTS"}, {"originIndex": 4, "destinationIndex": 14, "status": {}, "distanceMeters": 5185, "duration": "2070s", "condition": "ROUTE_EXISTS"}, {"originIndex": 5, "destinationIndex": 7, "status": {}, "distanceMeters": 3100, "duration": "769s", "condition": "ROUTE_EXISTS"}, {"originIndex": 5, "destinationIndex": 6, "status": {}, "distanceMeters": 1266, "duration": "710s", "condition": "ROUTE_EXISTS"}, {"originIndex": 5, "destinationIndex": 10, "status": {}, "distanceMeters": 1809, "duration": "817s", "condition": "ROUTE_EXISTS"}, {"originIndex": 5, "destinationIndex": 11, "status": {}, "distanceMeters": 2084, "duration": "799s", "condition": "ROUTE_EXISTS"}, {"originIndex": 6, "destinationIndex": 11, "status": {}, "distanceMeters": 1262, "duration": "512s", "condition": "ROUTE_EXISTS"}, {"originIndex": 6, "destinationIndex": 10, "status": {}, "distanceMeters": 2682, "duration": "1206s", "condition": "ROUTE_EXISTS"}, {"originIndex": 6, "destinationIndex": 8, "status": {}, "distanceMeters": 3315, "duration": "976s", "condition": "ROUTE_EXISTS"}, {"originIndex": 6, "destinationIndex": 7, "status": {}, "distanceMeters": 2081, "duration": "647s", "condition": "ROUTE_EXISTS"}, {"originIndex": 6, "destinationIndex": 12, "status": {}, "distanceMeters": 1710, "duration": "441s", "condition": "ROUTE_EXISTS"}, {"originIndex": 6, "destinationIndex": 16, "status": {}, "distanceMeters": 2175, "duration": "681s", "condition": "ROUTE_EXISTS"}, {"originIndex": 7, "destinationIndex": 12, "status": {}, "distanceMeters": 1765, "duration": "729s", "condition": "ROUTE_EXISTS"}, {"originIndex": 7, "destinationIndex": 11, "status": {}, "distanceMeters": 2344, "duration": "856s", "condition": "ROUTE_EXISTS"}, {"originIndex": 7, "destinationIndex": 8, "status": {}, "distanceMeters": 1274, "duration": "360s", "condition": "ROUTE_EXISTS"}, {"originIndex": 7, "destinationIndex": 17, "status": {}, "distanceMeters": 3826, "duration": "1276s", "condition": "ROUTE_EXISTS"}, {"originIndex": 7, "destinationIndex": 13, "status": {}, "distanceMeters": 2443, "duration": "1094s", "condition": "ROUTE_EXISTS"}, {"originIndex": 8, "destinationIndex": 13, "status": {}, "distanceMeters": 1962, "duration": "835s", "condition": "ROUTE_EXISTS"}, {"originIndex": 8, "destinationIndex": 14, "status": {}, "distanceMeters": 1951, "duration": "1281s", "condition": "ROUTE_EXISTS"}, {"originIndex": 8, "destinationIndex": 9, "status": {}, "distanceMeters": 1381, "duration": "309s", "condition": "ROUTE_EXISTS"}, {"originIndex": 8, "destinationIndex": 12, "status": {}, "distanceMeters": 2030, "duration": "823s", "condition": "ROUTE_EXISTS"}, {"originIndex": 9, "destinationIndex": 13, "status": {}, "distanceMeters": 1663, "duration": "1499s", "condition": "ROUTE_EXISTS"}, {"originIndex": 9, "destinationIndex": 14, "status": {}, "distanceMeters": 2073, "duration": "598s", "condition": "ROUTE_EXISTS"}, {"originIndex": 9, "destinationIndex": 19, "status": {}, "distanceMeters": 2818, "duration": "971s", "condition": "ROUTE_EXISTS"}, {"originIndex": 10, "destinationIndex": 12, "status": {}, "distanceMeters": 3126, "duration": "1298s", "condition": "ROUTE_EXISTS"}, {"originIndex": 10, "destinationIndex": 11, "status": {}, "distanceMeters": 1779, "duration": "840s", "condition": "ROUTE_EXISTS"}, {"originIndex": 10, "destinationIndex": 16, "status": {}, "distanceMeters": 2477, "duration": "1177s", "condition": "ROUTE_EXISTS"}, {"originIndex": 10, "destinationIndex": 15, "status": {}, "distanceMeters": 1327, "duration": "774s", "condition": "ROUTE_EXISTS"}, {"originIndex": 11, "destinationIndex": 15, "status": {}, "distanceMeters": 2220, "duration": "844s", "condition": "ROUTE_EXISTS"}, {"originIndex": 11, "destinationIndex": 16, "status": {}, "distanceMeters": 1314, "duration": "532s", "condition": "ROUTE_EXISTS"}, {"originIndex": 11, "destinationIndex": 17, "status": {}, "distanceMeters": 2297, "duration": "1248s", "condition": "ROUTE_EXISTS"}, {"originIndex": 11, "destinationIndex": 12, "status": {}, "distanceMeters": 1595, "duration": "904s", "condition": "ROUTE_EXISTS"}, {"originIndex": 11, "destinationIndex": 21, "status": {}, "distanceMeters": 2305, "duration": "1177s", "condition": "ROUTE_EXISTS"}, {"originIndex": 12, "destinationIndex": 17, "status": {}, "distanceMeters": 1254, "duration": "675s", "condition": "ROUTE_EXISTS"}, {"originIndex": 12, "destinationIndex": 16, "status": {}, "distanceMeters": 2026, "duration": "996s", "condition": "ROUTE_EXISTS"}, {"originIndex": 12, "destinationIndex": 13, "status": {}, "distanceMeters": 1369, "duration": "843s", "condition": "ROUTE_EXISTS"}, {"originIndex": 12, "destinationIndex": 18, "status": {}, "distanceMeters": 1787, "duration": "859s", "condition": "ROUTE_EXISTS"}, {"originIndex": 13, "destinationIndex": 18, "status": {}, "distanceMeters": 2804, "duration": "1130s", "condition": "ROUTE_EXISTS"}, {"originIndex": 13, "destinationIndex": 14, "status": {}, "distanceMeters": 1887, "duration": "791s", "condition": "ROUTE_EXISTS"}, {"originIndex": 13, "destinationIndex": 19, "status": {}, "distanceMeters": 3036, "duration": "959s", "condition": "ROUTE_EXISTS"}, {"originIndex": 13, "destinationIndex": 17, "status": {}, "distanceMeters": 2244, "duration": "1200s", "condition": "ROUTE_EXISTS"}, {"originIndex": 14, "destinationIndex": 19, "status": {}, "distanceMeters": 1099, "duration": "934s", "condition": "ROUTE_EXISTS"}, {"originIndex": 14, "destinationIndex": 18, "status": {}, "distanceMeters": 3678, "duration": "1249s", "condition": "ROUTE_EXISTS"}, {"originIndex": 14, "destinationIndex": 24, "status": {}, "distanceMeters": 5634, "duration": "1855s", "condition": "ROUTE_EXISTS"}, {"originIndex": 15, "destinationIndex": 20, "status": {}, "distanceMeters": 1693, "duration": "400s", "condition": "ROUTE_EXISTS"}, {"originIndex": 15, "destinationIndex": 21, "status": {}, "distanceMeters": 2280, "duration": "1150s", "condition": "ROUTE_EXISTS"}, {"originIndex": 15, "destinationIndex": 17, "status": {}, "distanceMeters": 3066, "duration": "1182s", "condition": "ROUTE_EXISTS"}, {"originIndex": 15, "destinationIndex": 16, "status": {}, "distanceMeters": 1283, "duration": "505s", "condition": "ROUTE_EXISTS"}, {"originIndex": 16, "destinationIndex": 18, "status": {}, "distanceMeters": 2874, "duration": "1141s", "condition": "ROUTE_EXISTS"}, {"originIndex": 16, "destinationIndex": 21, "status": {}, "distanceMeters": 1191, "duration": "1088s", "condition": "ROUTE_EXISTS"}, {"originIndex": 16, "destinationIndex": 20, "status": {}, "distanceMeters": 2709, "duration": "850s", "condition": "ROUTE_EXISTS"}, {"originIndex": 16, "destinationIndex": 17, "status": {}, "distanceMeters": 2354, "duration": "1143s", "condition": "ROUTE_EXISTS"}, {"originIndex": 16, "destinationIndex": 22, "status": {}, "distanceMeters": 2465, "duration": "1053s", "condition": "ROUTE_EXISTS"}, {"originIndex": 17, "destinationIndex": 18, "status": {}, "distanceMeters": 1218, "duration": "1073s", "condition": "ROUTE_EXISTS"}, {"originIndex": 17, "destinationIndex": 22, "status": {}, "distanceMeters": 1761, "duration": "610s", "condition": "ROUTE_EXISTS"}, {"originIndex": 17, "destinationIndex": 21, "status": {}, "distanceMeters": 1681, "duration": "1476s", "condition": "ROUTE_EXISTS"}, {"originIndex": 17, "destinationIndex": 23, "status": {}, "distanceMeters": 2042, "duration": "931s", "condition": "ROUTE_EXISTS"}, {"originIndex": 18, "destinationIndex": 23, "status": {}, "distanceMeters": 2136, "duration": "1189s", "condition": "ROUTE_EXISTS"}, {"originIndex": 18, "destinationIndex": 22, "status": {}, "distanceMeters": 3176, "duration": "1360s", "condition": "ROUTE_EXISTS"}, {"originIndex": 18, "destinationIndex": 19, "status": {}, "distanceMeters": 1194, "duration": "775s", "condition": "ROUTE_EXISTS"}, {"originIndex": 18, "destinationIndex": 24, "status": {}, "distanceMeters": 2317, "duration": "1204s", "condition": "ROUTE_EXISTS"}, {"originIndex": 19, "destinationIndex": 23, "status": {}, "distanceMeters": 2283, "duration": "1088s", "condition": "ROUTE_EXISTS"}, {"originIndex": 19, "destinationIndex": 24, "status": {}, "distanceMeters": 1894, "duration": "890s", "condition": "ROUTE_EXISTS"}, {"originIndex": 20, "destinationIndex": 21, "status": {}, "distanceMeters": 3558, "duration": "1408s", "condition": "ROUTE_EXISTS"}, {"originIndex": 21, "destinationIndex": 23, "status": {}, "distanceMeters": 3488, "duration": "1489s", "condition": "ROUTE_EXISTS"}, {"originIndex": 21, "destinationIndex": 22, "status": {}, "distanceMeters": 1188, "duration": "1018s", "condition": "ROUTE_EXISTS"}, {"originIndex": 22, "destinationIndex": 24, "status": {}, "distanceMeters": 2997, "duration": "1294s", "condition": "ROUTE_EXISTS"}, {"originIndex": 22, "destinationIndex": 23, "status": {}, "distanceMeters": 2111, "duration": "989s", "condition": "ROUTE_EXISTS"}, {"originIndex": 23, "destinationIndex": 24, "status": {}, "distanceMeters": 2146, "duration": "816s", "condition": "ROUTE_EXISTS"}], "dense_travel_times": [[0, 703, 713, 1331, 2591, 647, 530, 1177, 1506, 1815, 1109, 1042, 971, 1814, 2413, 1716, 1211, 1646, 1830, 2605, 2061, 2219, 2256, 2577, 3034], [703, 0, 838, 1456, 2417, 942, 819, 972, 1332, 1641, 1759, 1165, 1260, 2066, 2239, 2005, 1500, 1935, 2119, 2612, 2350, 2342, 2545, 2866, 3323], [713, 838, 0, 618, 1960, 1360, 785, 702, 1062, 1371, 1822, 1297, 1226, 1796, 1969, 1971, 1466, 1901, 2085, 2342, 2316, 2474, 2511, 2832, 3232], [1331, 1456, 618, 0, 1342, 1557, 1403, 788, 1032, 1341, 2374, 1644, 1517, 1867, 1939, 2488, 2084, 2064, 2376, 2312, 2888, 2821, 2674, 2995, 3202], [2591, 2417, 1960, 1342, 0, 2214, 2061, 1445, 1085, 1394, 3031, 2301, 1908, 1920, 1992, 3145, 2742, 2583, 2767, 2365, 3545, 3478, 3193, 3453, 3255], [647, 942, 1360, 1557, 2214, 0, 710, 769, 1129, 1438, 817, 799, 1151, 1863, 2036, 1591, 1331, 1826, 2010, 2409, 1991, 1976, 2384, 2757, 3214], [530, 819, 785, 1403, 2061, 710, 0, 647, 976, 1285, 1206, 512, 441, 1284, 1883, 1186, 681, 1116, 1300, 2075, 1531, 1689, 1726, 2047, 2504], [1177, 972, 702, 788, 1445, 769, 647, 0, 360, 669, 1586, 856, 729, 1094, 1267, 1700, 1328, 1276, 1588, 1640, 2100, 2033, 1886, 2207, 2530], [1506, 1332, 1062, 1032, 1085, 1129, 976, 360, 0, 309, 1946, 1216, 823, 835, 907, 2060, 1657, 1498, 1682, 1280, 2460, 2393, 2108, 2368, 2170], [1815, 1641, 1371, 1341, 1394, 1438, 1285, 669, 309, 0, 2255, 1525, 1132, 1144, 598, 2369, 1966, 1807, 1746, 971, 2769, 2702, 2417, 2059, 1861], [1109, 1759, 1822, 2374, 3031, 817, 1206, 1586, 1946, 2255, 0, 840, 1298, 2141, 2853, 774, 1177, 1956, 2157, 2932, 1174, 1924, 2230, 2887, 3361], [1042, 1165, 1297, 1644, 2301, 799, 512, 856, 1216, 1525, 840, 0, 904, 1747, 2123, 844, 532, 1248, 1673, 2448, 1244, 1177, 1585, 2179, 2877], [971, 1260, 1226, 1517, 1908, 1151, 441, 729, 823, 1132, 1298, 904, 0, 843, 1634, 1501, 996, 675, 859, 1634, 1846, 2081, 1285, 1606, 2063], [1814, 2066, 1796, 1867, 1920, 1863, 1284, 1094, 835, 1144, 2141, 1747, 843, 0, 791, 2344, 1839, 1200, 1130, 959, 2689, 2676, 1810, 2047, 1849], [2413, 2239, 1969, 1939, 1992, 2036, 1883, 1267, 907, 598, 2853, 2123, 1634, 791, 0, 2895, 2390, 1991, 1249, 934, 3240, 3300, 2601, 2022, 1824], [1716, 2005, 1971, 2488, 3145, 1591, 1186, 1700, 2060, 2369, 774, 844, 1501, 2344, 2895, 0, 505, 1182, 1646, 2421, 400, 1150, 1558, 2113, 2850], [1211, 1500, 1466, 2084, 2742, 1331, 681, 1328, 1657, 1966, 1177, 532, 996, 1839, 2390, 505, 0, 1143, 1141, 1916, 850, 1088, 1053, 2042, 2345], [1646, 1935, 1901, 2064, 2583, 1826, 1116, 1276, 1498, 1807, 1956, 1248, 675, 1200, 1991, 1182, 1143, 0, 1073, 1848, 1582, 1476, 610, 931, 1747], [1830, 2119, 2085, 2376, 2767, 2010, 1300, 1588, 1682, 1746, 2157, 1673, 859, 1130, 1249, 1646, 1141, 1073, 0, 775, 1991, 2229, 1360, 1189, 1204], [2605, 2612, 2342, 2312, 2365, 2409, 2075, 1640, 1280, 971, 2932, 2448, 1634, 959, 934, 2421, 1916, 1848, 775, 0, 2766, 2577, 2077, 1088, 890], [2061, 2350, 2316, 2888, 3545, 1991, 1531, 2100, 2460, 2769, 1174, 1244, 1846, 2689, 3240, 400, 850, 1582, 1991, 2766, 0, 1408, 1903, 2513, 3195], [2219, 2342, 2474, 2821, 3478, 1976, 1689, 2033, 2393, 2702, 1924, 1177, 2081, 2676, 3300, 1150, 1088, 1476, 2229, 2577, 1408, 0, 1018, 1489, 2305], [2256, 2545, 2511, 2674, 3193, 2384, 1726, 1886, 2108, 2417, 2230, 1585, 1285, 1810, 2601, 1558, 1053, 610, 1360, 2077, 1903, 1018, 0, 989, 1294], [2577, 2866, 2832, 2995, 3453, 2757, 2047, 2207, 2368, 2059, 2887, 2179, 1606, 2047, 2022, 2113, 2042, 931, 1189, 1088, 2513, 1489, 989, 0, 816], [3034, 3323, 3232, 3202, 3255, 3214, 2504, 2530, 2170, 1861, 3361, 2877, 2063, 1849, 1824, 2850, 2345, 1747, 1204, 890, 3195, 2305, 1294, 816, 0]]}