{"center": {"lat": 50.07981, "lng": 14.42974}, "zoom": 14, "size": 5, "size_pixels": 640, "travel_mode": "DRIVE", "locations": [{"raw_location": {"lat": 50.097357029251455, "lng": 14.40239625}, "snapped_location": {"lat": 50.097357029251455, "lng": 14.40239625}, "grid_x": 0, "grid_y": 0, "snap_result_types": null, "snap_result_place_id": null}, {"raw_location": {"lat": 50.097357029251455, "lng": 14.416068125}, "snapped_location": {"lat": 50.097357029251455, "lng": 14.416068125}, "grid_x": 1, "grid_y": 0, "snap_result_types": null, "snap_result_place_id": null}, {"raw_location": {"lat": 50.097357029251455, "lng": 14.42974}, "snapped_location": {"lat": 50.097519, "lng": 14.4294503}, "grid_x": 2, "grid_y": 0, "snap_result_types": ["route"], "snap_result_place_id": "ChIJIxZ4jcaUC0cRyFMokvrwgE8"}, {"raw_location": {"lat": 50.097357029251455, "lng": 14.443411875}, "snapped_location": {"lat": 50.0982678, "lng": 14.443882}, "grid_x": 3, "grid_y": 0, "snap_result_types": ["route"], "snap_result_place_id": "ChIJs2luG7qUC0cRdP_viaV5VYs"}, {"raw_location": {"lat": 50.097357029251455, "lng": 14.45708375}, "snapped_location": {"lat": 50.09645949999999, "lng": 14.458155}, "grid_x": 4, "grid_y": 0, "snap_result_types": ["route"], "snap_result_place_id": "ChIJczfTI6aUC0cRRheaAGMWMFg"}, {"raw_location": {"lat": 50.088583514625725, "lng": 14.40239625}, "snapped_location": {"lat": 50.0885826, "lng": 14.4024044}, "grid_x": 0, "grid_y": 1, "snap_result_types": ["route"], "snap_result_place_id": "ChIJDwsF-OGUC0cRlENkNfmOBvU"}, {"raw_location": {"lat": 50.088583514625725, "lng": 14.416068125}, "snapped_location": {"lat": 50.0885668, "lng": 14.4160997}, "grid_x": 1, "grid_y": 1, "snap_result_types": ["route"], "snap_result_place_id": "ChIJJ3jkJuaUC0cR1qGON8cW8E4"}, {"raw_location": {"lat": 50.088583514625725, "lng": 14.42974}, "snapped_location": {"lat": 50.08863119999999, "lng": 14.4295868}, "grid_x": 2, "grid_y": 1, "snap_result_types": ["route"], "snap_result_place_id": "ChIJE4mPxuqUC0cRcK_VZMd8P6M"}, {"raw_location": {"lat": 50.088583514625725, "lng": 14.443411875}, "snapped_location": {"lat": 50.0886398, "lng": 14.4431724}, "grid_x": 3, "grid_y": 1, "snap_result_types": ["route"], "snap_result_place_id": "ChIJJfpTYr2UC0cRsOZfCp-3h5c"}, {"raw_location": {"lat": 50.088583514625725, "lng": 14.45708375}, "snapped_location": {"lat": 50.0879367, "lng": 14.4570953}, "grid_x": 4, "grid_y": 1, "snap_result_types": ["route"], "snap_result_place_id": "ChIJl7ZBN6CUC0cReKAAbba1QIs"}, {"raw_location": {"lat": 50.07981, "lng": 14.40239625}, "snapped_location": {"lat": 50.0801872, "lng": 14.4027666}, "grid_x": 0, "grid_y": 2, "snap_result_types": ["route"], "snap_result_place_id": "ChIJ6-OBXfyUC0cRrFje1KU5vGo"}, {"raw_location": {"lat": 50.07981, "lng": 14.416068125}, "snapped_location": {"lat": 50.07994799999999, "lng": 14.4158659}, "grid_x": 1, "grid_y": 2, "snap_result_types": ["route"], "snap_result_place_id": "ChIJfxJYsfGUC0cROOHnBjMWudc"}, {"raw_location": {"lat": 50.07981, "lng": 14.42974}, "snapped_location": {"lat": 50.0799155, "lng": 14.4298249}, "grid_x": 2, "grid_y": 2, "snap_result_types": ["route"], "snap_result_place_id": "ChIJMW3KgZKUC0cRJC_xinunC34"}, {"raw_location": {"lat": 50.07981, "lng": 14.443411875}, "snapped_location": {"lat": 50.0798922, "lng": 14.4433877}, "grid_x": 3, "grid_y": 2, "snap_result_types": ["route"], "snap_result_place_id": "ChIJh3uc7pqUC0cRHtoXJYsZd9w"}, {"raw_location": {"lat": 50.07981, "lng": 14.45708375}, "snapped_location": {"lat": 50.0797064, "lng": 14.457614}, "grid_x": 4, "grid_y": 2, "snap_result_types": ["route"], "snap_result_place_id": "ChIJJyP7aWKTC0cRzDrhxXA8Vtg"}, {"raw_location": {"lat": 50.07103648537428, "lng": 14.40239625}, "snapped_location": {"lat": 50.0708513, "lng": 14.402945}, "grid_x": 0, "grid_y": 3, "snap_result_types": ["route"], "snap_result_place_id": "ChIJIXLuTVaUC0cR1HC1XCwvcFw"}, {"raw_location": {"lat": 50.07103648537428, "lng": 14.416068125}, "snapped_location": {"lat": 50.0712365, "lng": 14.416347}, "grid_x": 1, "grid_y": 3, "snap_result_types": ["route"], "snap_result_place_id": "ChIJM32GivWUC0cRgPRQ73j_RTI"}, {"raw_location": {"lat": 50.07103648537428, "lng": 14.42974}, "snapped_location": {"lat": 50.0712898, "lng": 14.429402}, "grid_x": 2, "grid_y": 3, "snap_result_types": ["route"], "snap_result_place_id": "ChIJOxNXiImUC0cRzBQsQrnkFtg"}, {"raw_location": {"lat": 50.07103648537428, "lng": 14.443411875}, "snapped_location": {"lat": 50.0708299, "lng": 14.4425797}, "grid_x": 3, "grid_y": 3, "snap_result_types": ["route"], "snap_result_place_id": "ChIJN-Bb2oaUC0cRaO27eiGL2Y4"}, {"raw_location": {"lat": 50.07103648537428, "lng": 14.45708375}, "snapped_location": {"lat": 50.0710586, "lng": 14.4571263}, "grid_x": 4, "grid_y": 3, "snap_result_types": ["route"], "snap_result_place_id": "ChIJE-dsp36TC0cRYAKIgwi8OaA"}, {"raw_location": {"lat": 50.06226297074855, "lng": 14.40239625}, "snapped_location": {"lat": 50.0618993, "lng": 14.4020679}, "grid_x": 0, "grid_y": 4, "snap_result_types": ["route"], "snap_result_place_id": "ChIJvx8E-U-UC0cRbD8EH7YEQ0o"}, {"raw_location": {"lat": 50.06226297074855, "lng": 14.416068125}, "snapped_location": {"lat": 50.0624845, "lng": 14.416959}, "grid_x": 1, "grid_y": 4, "snap_result_types": ["route"], "snap_result_place_id": "ChIJj366cF2UC0cRGm2DJjbSosM"}, {"raw_location": {"lat": 50.06226297074855, "lng": 14.42974}, "snapped_location": {"lat": 50.0622853, "lng": 14.4305583}, "grid_x": 2, "grid_y": 4, "snap_result_types": ["route"], "snap_result_place_id": "ChIJn2VoxGSUC0cR1qcIJyg_-wA"}, {"raw_location": {"lat": 50.06226297074855, "lng": 14.443411875}, "snapped_location": {"lat": 50.0619465, "lng": 14.4430502}, "grid_x": 3, "grid_y": 4, "snap_result_types": ["route"], "snap_result_place_id": "ChIJEbRL1niUC0cRtOrBc42NHzs"}, {"raw_location": {"lat": 50.06226297074855, "lng": 14.45708375}, "snapped_location": {"lat": 50.0627009, "lng": 14.4571498}, "grid_x": 4, "grid_y": 4, "snap_result_types": ["route"], "snap_result_place_id": "ChIJ7zoQr4OTC0cRVjBf9-omsGU"}], "route_matrix": [{"originIndex": 0, "destinationIndex": 5, "status": {}, "distanceMeters": 3725, "duration": "517s", "condition": "ROUTE_EXISTS"}, {"originIndex": 0, "destinationIndex": 1, "status": {}, "distanceMeters": 2729, "duration": "343s", "condition": "ROUTE_EXISTS"}, {"originIndex": 0, "destinationIndex": 2, "status": {}, "distanceMeters": 3888, "duration": "541s", "condition": "ROUTE_EXISTS"}, {"originIndex": 0, "destinationIndex": 6, "status": {}, "distanceMeters": 4028, "duration": "647s", "condition": "ROUTE_EXISTS"}, {"originIndex": 0, "destinationIndex": 10, "status": {}, "distanceMeters": 6501, "duration": "679s", "condition": "ROUTE_EXISTS"}, {"originIndex": 1, "destinationIndex": 5, "status": {}, "distanceMeters": 8278, "duration": "753s", "condition": "ROUTE_EXISTS"}, {"originIndex": 1, "destinationIndex": 7, "status": {}, "distanceMeters": 7618, "duration": "780s", "condition": "ROUTE_EXISTS"}, {"originIndex": 1, "destinationIndex": 2, "status": {}, "distanceMeters": 6496, "duration": "551s", "condition": "ROUTE_EXISTS"}, {"originIndex": 1, "destinationIndex": 11, "status": {}, "distanceMeters": 10053, "duration": "995s", "condition": "ROUTE_EXISTS"}, {"originIndex": 1, "destinationIndex": 6, "status": {}, "distanceMeters": 8348, "duration": "868s", "condition": "ROUTE_EXISTS"}, {"originIndex": 2, "destinationIndex": 3, "status": {}, "distanceMeters": 1966, "duration": "348s", "condition": "ROUTE_EXISTS"}, {"originIndex": 2, "destinationIndex": 8, "status": {}, "distanceMeters": 3042, "duration": "507s", "condition": "ROUTE_EXISTS"}, {"originIndex": 2, "destinationIndex": 6, "status": {}, "distanceMeters": 2599, "duration": "477s", "condition": "ROUTE_EXISTS"}, {"originIndex": 2, "destinationIndex": 7, "status": {}, "distanceMeters": 2744, "duration": "543s", "condition": "ROUTE_EXISTS"}, {"originIndex": 3, "destinationIndex": 4, "status": {}, "distanceMeters": 3233, "duration": "380s", "condition": "ROUTE_EXISTS"}, {"originIndex": 3, "destinationIndex": 9, "status": {}, "distanceMeters": 5271, "duration": "695s", "condition": "ROUTE_EXISTS"}, {"originIndex": 3, "destinationIndex": 7, "status": {}, "distanceMeters": 3810, "duration": "654s", "condition": "ROUTE_EXISTS"}, {"originIndex": 3, "destinationIndex": 8, "status": {}, "distanceMeters": 4108, "duration": "618s", "condition": "ROUTE_EXISTS"}, {"originIndex": 4, "destinationIndex": 8, "status": {}, "distanceMeters": 2452, "duration": "390s", "condition": "ROUTE_EXISTS"}, {"originIndex": 4, "destinationIndex": 9, "status": {}, "distanceMeters": 3627, "duration": "553s", "condition": "ROUTE_EXISTS"}, {"originIndex": 4, "destinationIndex": 14, "status": {}, "distanceMeters": 4517, "duration": "743s", "condition": "ROUTE_EXISTS"}, {"originIndex": 5, "destinationIndex": 6, "status": {}, "distanceMeters": 1647, "duration": "457s", "condition": "ROUTE_EXISTS"}, {"originIndex": 5, "destinationIndex": 10, "status": {}, "distanceMeters": 1193, "duration": "263s", "condition": "ROUTE_EXISTS"}, {"originIndex": 5, "destinationIndex": 7, "status": {}, "distanceMeters": 3990, "duration": "784s", "condition": "ROUTE_EXISTS"}, {"originIndex": 5, "destinationIndex": 11, "status": {}, "distanceMeters": 1931, "duration": "432s", "condition": "ROUTE_EXISTS"}, {"originIndex": 6, "destinationIndex": 16, "status": {}, "distanceMeters": 2186, "duration": "511s", "condition": "ROUTE_EXISTS"}, {"originIndex": 6, "destinationIndex": 11, "status": {}, "distanceMeters": 1257, "duration": "296s", "condition": "ROUTE_EXISTS"}, {"originIndex": 6, "destinationIndex": 7, "status": {}, "distanceMeters": 2761, "duration": "522s", "condition": "ROUTE_EXISTS"}, {"originIndex": 6, "destinationIndex": 10, "status": {}, "distanceMeters": 1733, "duration": "351s", "condition": "ROUTE_EXISTS"}, {"originIndex": 6, "destinationIndex": 8, "status": {}, "distanceMeters": 2924, "duration": "509s", "condition": "ROUTE_EXISTS"}, {"originIndex": 6, "destinationIndex": 12, "status": {}, "distanceMeters": 3590, "duration": "449s", "condition": "ROUTE_EXISTS"}, {"originIndex": 7, "destinationIndex": 8, "status": {}, "distanceMeters": 1254, "duration": "336s", "condition": "ROUTE_EXISTS"}, {"originIndex": 7, "destinationIndex": 13, "status": {}, "distanceMeters": 3459, "duration": "730s", "condition": "ROUTE_EXISTS"}, {"originIndex": 7, "destinationIndex": 12, "status": {}, "distanceMeters": 2656, "duration": "461s", "condition": "ROUTE_EXISTS"}, {"originIndex": 7, "destinationIndex": 11, "status": {}, "distanceMeters": 4434, "duration": "779s", "condition": "ROUTE_EXISTS"}, {"originIndex": 7, "destinationIndex": 17, "status": {}, "distanceMeters": 3558, "duration": "562s", "condition": "ROUTE_EXISTS"}, {"originIndex": 8, "destinationIndex": 9, "status": {}, "distanceMeters": 1175, "duration": "163s", "condition": "ROUTE_EXISTS"}, {"originIndex": 8, "destinationIndex": 12, "status": {}, "distanceMeters": 1586, "duration": "232s", "condition": "ROUTE_EXISTS"}, {"originIndex": 8, "destinationIndex": 14, "status": {}, "distanceMeters": 2065, "duration": "353s", "condition": "ROUTE_EXISTS"}, {"originIndex": 8, "destinationIndex": 13, "status": {}, "distanceMeters": 2206, "duration": "394s", "condition": "ROUTE_EXISTS"}, {"originIndex": 9, "destinationIndex": 14, "status": {}, "distanceMeters": 1612, "duration": "316s", "condition": "ROUTE_EXISTS"}, {"originIndex": 9, "destinationIndex": 13, "status": {}, "distanceMeters": 2315, "duration": "433s", "condition": "ROUTE_EXISTS"}, {"originIndex": 9, "destinationIndex": 19, "status": {}, "distanceMeters": 3348, "duration": "612s", "condition": "ROUTE_EXISTS"}, {"originIndex": 10, "destinationIndex": 15, "status": {}, "distanceMeters": 1735, "duration": "361s", "condition": "ROUTE_EXISTS"}, {"originIndex": 10, "destinationIndex": 12, "status": {}, "distanceMeters": 3090, "duration": "667s", "condition": "ROUTE_EXISTS"}, {"originIndex": 10, "destinationIndex": 16, "status": {}, "distanceMeters": 1779, "duration": "401s", "condition": "ROUTE_EXISTS"}, {"originIndex": 10, "destinationIndex": 11, "status": {}, "distanceMeters": 1247, "duration": "276s", "condition": "ROUTE_EXISTS"}, {"originIndex": 11, "destinationIndex": 15, "status": {}, "distanceMeters": 2208, "duration": "495s", "condition": "ROUTE_EXISTS"}, {"originIndex": 11, "destinationIndex": 17, "status": {}, "distanceMeters": 2300, "duration": "464s", "condition": "ROUTE_EXISTS"}, {"originIndex": 11, "destinationIndex": 12, "status": {}, "distanceMeters": 2556, "duration": "622s", "condition": "ROUTE_EXISTS"}, {"originIndex": 11, "destinationIndex": 21, "status": {}, "distanceMeters": 2256, "duration": "442s", "condition": "ROUTE_EXISTS"}, {"originIndex": 11, "destinationIndex": 16, "status": {}, "distanceMeters": 1537, "duration": "383s", "condition": "ROUTE_EXISTS"}, {"originIndex": 12, "destinationIndex": 13, "status": {}, "distanceMeters": 2860, "duration": "570s", "condition": "ROUTE_EXISTS"}, {"originIndex": 12, "destinationIndex": 18, "status": {}, "distanceMeters": 2829, "duration": "599s", "condition": "ROUTE_EXISTS"}, {"originIndex": 12, "destinationIndex": 16, "status": {}, "distanceMeters": 2419, "duration": "475s", "condition": "ROUTE_EXISTS"}, {"originIndex": 12, "destinationIndex": 17, "status": {}, "distanceMeters": 1624, "duration": "285s", "condition": "ROUTE_EXISTS"}, {"originIndex": 13, "destinationIndex": 14, "status": {}, "distanceMeters": 1462, "duration": "327s", "condition": "ROUTE_EXISTS"}, {"originIndex": 13, "destinationIndex": 19, "status": {}, "distanceMeters": 2537, "duration": "503s", "condition": "ROUTE_EXISTS"}, {"originIndex": 13, "destinationIndex": 18, "status": {}, "distanceMeters": 2993, "duration": "615s", "condition": "ROUTE_EXISTS"}, {"originIndex": 13, "destinationIndex": 17, "status": {}, "distanceMeters": 3048, "duration": "464s", "condition": "ROUTE_EXISTS"}, {"originIndex": 14, "destinationIndex": 24, "status": {}, "distanceMeters": 3208, "duration": "586s", "condition": "ROUTE_EXISTS"}, {"originIndex": 14, "destinationIndex": 18, "status": {}, "distanceMeters": 2720, "duration": "574s", "condition": "ROUTE_EXISTS"}, {"originIndex": 14, "destinationIndex": 19, "status": {}, "distanceMeters": 2292, "duration": "448s", "condition": "ROUTE_EXISTS"}, {"originIndex": 15, "destinationIndex": 20, "status": {}, "distanceMeters": 1285, "duration": "259s", "condition": "ROUTE_EXISTS"}, {"originIndex": 15, "destinationIndex": 17, "status": {}, "distanceMeters": 3258, "duration": "512s", "condition": "ROUTE_EXISTS"}, {"originIndex": 15, "destinationIndex": 16, "status": {}, "distanceMeters": 2354, "duration": "449s", "condition": "ROUTE_EXISTS"}, {"originIndex": 15, "destinationIndex": 21, "status": {}, "distanceMeters": 3198, "duration": "490s", "condition": "ROUTE_EXISTS"}, {"originIndex": 16, "destinationIndex": 18, "status": {}, "distanceMeters": 3527, "duration": "771s", "condition": "ROUTE_EXISTS"}, {"originIndex": 16, "destinationIndex": 21, "status": {}, "distanceMeters": 1356, "duration": "309s", "condition": "ROUTE_EXISTS"}, {"originIndex": 16, "destinationIndex": 20, "status": {}, "distanceMeters": 2759, "duration": "553s", "condition": "ROUTE_EXISTS"}, {"originIndex": 16, "destinationIndex": 17, "status": {}, "distanceMeters": 2323, "duration": "457s", "condition": "ROUTE_EXISTS"}, {"originIndex": 16, "destinationIndex": 22, "status": {}, "distanceMeters": 3334, "duration": "527s", "condition": "ROUTE_EXISTS"}, {"originIndex": 17, "destinationIndex": 18, "status": {}, "distanceMeters": 2167, "duration": "459s", "condition": "ROUTE_EXISTS"}, {"originIndex": 17, "destinationIndex": 23, "status": {}, "distanceMeters": 3002, "duration": "320s", "condition": "ROUTE_EXISTS"}, {"originIndex": 17, "destinationIndex": 21, "status": {}, "distanceMeters": 2126, "duration": "352s", "condition": "ROUTE_EXISTS"}, {"originIndex": 17, "destinationIndex": 22, "status": {}, "distanceMeters": 1011, "duration": "70s", "condition": "ROUTE_EXISTS"}, {"originIndex": 18, "destinationIndex": 19, "status": {}, "distanceMeters": 1429, "duration": "290s", "condition": "ROUTE_EXISTS"}, {"originIndex": 18, "destinationIndex": 24, "status": {}, "distanceMeters": 2522, "duration": "456s", "condition": "ROUTE_EXISTS"}, {"originIndex": 18, "destinationIndex": 23, "status": {}, "distanceMeters": 2207, "duration": "454s", "condition": "ROUTE_EXISTS"}, {"originIndex": 18, "destinationIndex": 22, "status": {}, "distanceMeters": 3231, "duration": "592s", "condition": "ROUTE_EXISTS"}, {"originIndex": 19, "destinationIndex": 24, "status": {}, "distanceMeters": 1387, "duration": "212s", "condition": "ROUTE_EXISTS"}, {"originIndex": 19, "destinationIndex": 23, "status": {}, "distanceMeters": 2174, "duration": "372s", "condition": "ROUTE_EXISTS"}, {"originIndex": 20, "destinationIndex": 21, "status": {}, "distanceMeters": 5744, "duration": "784s", "condition": "ROUTE_EXISTS"}, {"originIndex": 21, "destinationIndex": 23, "status": {}, "distanceMeters": 2675, "duration": "373s", "condition": "ROUTE_EXISTS"}, {"originIndex": 21, "destinationIndex": 22, "status": {}, "distanceMeters": 3604, "duration": "521s", "condition": "ROUTE_EXISTS"}, {"originIndex": 22, "destinationIndex": 23, "status": {}, "distanceMeters": 1991, "duration": "250s", "condition": "ROUTE_EXISTS"}, {"originIndex": 22, "destinationIndex": 24, "status": {}, "distanceMeters": 3308, "duration": "345s", "condition": "ROUTE_EXISTS"}, {"originIndex": 23, "destinationIndex": 24, "status": {}, "distanceMeters": 1089, "duration": "153s", "condition": "ROUTE_EXISTS"}], "dense_travel_times": [[0, 343, 541, 889, 1269, 517, 647, 1084, 1048, 1211, 679, 943, 1096, 1442, 1401, 1040, 1080, 1381, 1695, 1823, 1299, 1385, 1451, 1701, 1796], [343, 0, 551, 899, 1279, 753, 868, 780, 1058, 1221, 1016, 995, 1241, 1452, 1411, 1377, 1378, 1342, 1801, 1833, 1636, 1437, 1412, 1662, 1757], [541, 551, 0, 348, 728, 934, 477, 543, 507, 670, 828, 773, 739, 901, 860, 1189, 988, 1024, 1338, 1282, 1448, 1215, 1094, 1344, 1439], [889, 899, 348, 0, 380, 1282, 825, 654, 618, 695, 1176, 1121, 850, 1012, 971, 1537, 1325, 1135, 1449, 1307, 1796, 1487, 1205, 1455, 1519], [1269, 1279, 728, 380, 0, 1356, 899, 726, 390, 553, 1250, 1195, 622, 784, 743, 1419, 1097, 907, 1221, 1165, 1650, 1259, 977, 1227, 1322], [517, 753, 934, 1282, 1356, 0, 457, 784, 966, 1129, 263, 432, 906, 1360, 1319, 624, 664, 896, 1355, 1523, 883, 874, 966, 1216, 1311], [647, 868, 477, 825, 899, 457, 0, 522, 509, 672, 351, 296, 449, 903, 862, 712, 511, 734, 1048, 1284, 971, 738, 804, 1054, 1149], [1084, 780, 543, 654, 726, 784, 522, 0, 336, 499, 873, 779, 461, 730, 689, 1074, 936, 562, 1021, 1111, 1333, 914, 632, 882, 977], [1048, 1058, 507, 618, 390, 966, 509, 336, 0, 163, 860, 805, 232, 394, 353, 1029, 707, 517, 831, 775, 1260, 869, 587, 837, 932], [1211, 1221, 670, 695, 553, 1129, 672, 499, 163, 0, 1023, 968, 395, 433, 316, 1192, 870, 680, 890, 612, 1423, 1032, 750, 977, 824], [679, 1016, 828, 1176, 1250, 263, 351, 873, 860, 1023, 0, 276, 667, 1204, 1213, 361, 401, 740, 1172, 1367, 620, 710, 810, 1060, 1155], [943, 995, 773, 1121, 1195, 432, 296, 779, 805, 968, 276, 0, 622, 928, 1158, 495, 383, 464, 923, 1091, 754, 442, 534, 784, 879], [1096, 1241, 739, 850, 622, 906, 449, 461, 232, 395, 667, 622, 0, 570, 585, 797, 475, 285, 599, 889, 1028, 637, 355, 605, 700], [1442, 1452, 901, 1012, 784, 1360, 903, 730, 394, 433, 1204, 928, 570, 0, 327, 976, 921, 464, 615, 503, 1235, 816, 534, 784, 715], [1401, 1411, 860, 971, 743, 1319, 862, 689, 353, 316, 1213, 1158, 585, 327, 0, 1303, 1060, 791, 574, 448, 1562, 1112, 861, 739, 586], [1040, 1377, 1189, 1537, 1419, 624, 712, 1074, 1029, 1192, 361, 495, 797, 976, 1303, 0, 449, 512, 971, 1139, 259, 490, 582, 832, 927], [1080, 1378, 988, 1325, 1097, 664, 511, 936, 707, 870, 401, 383, 475, 921, 1060, 449, 0, 457, 771, 1047, 553, 309, 527, 682, 835], [1381, 1342, 1024, 1135, 907, 896, 734, 562, 517, 680, 740, 464, 285, 464, 791, 512, 457, 0, 459, 627, 771, 352, 70, 320, 415], [1695, 1801, 1338, 1449, 1221, 1355, 1048, 1021, 831, 890, 1172, 923, 599, 615, 574, 971, 771, 459, 0, 290, 1230, 811, 529, 454, 456], [1823, 1833, 1282, 1307, 1165, 1523, 1284, 1111, 775, 612, 1367, 1091, 889, 503, 448, 1139, 1047, 627, 290, 0, 1398, 738, 557, 365, 212], [1299, 1636, 1448, 1796, 1650, 883, 971, 1333, 1260, 1423, 620, 754, 1028, 1235, 1562, 259, 553, 771, 1230, 1398, 0, 749, 841, 1091, 1186], [1385, 1437, 1215, 1487, 1259, 874, 738, 914, 869, 1032, 710, 442, 637, 816, 1112, 490, 309, 352, 811, 738, 749, 0, 422, 373, 526], [1451, 1412, 1094, 1205, 977, 966, 804, 632, 587, 750, 810, 534, 355, 534, 861, 582, 527, 70, 529, 557, 841, 422, 0, 250, 345], [1701, 1662, 1344, 1455, 1227, 1216, 1054, 882, 837, 977, 1060, 784, 605, 784, 739, 832, 682, 320, 454, 365, 1091, 373, 250, 0, 153], [1796, 1757, 1439, 1519, 1322, 1311, 1149, 977, 932, 824, 1155, 879, 700, 715, 586, 927, 835, 415, 456, 212, 1186, 526, 345, 153, 0]]}